000000      000144
000001      000145
000002      024020
000003      002400
000004      036401
000005      110400
000006      002400
000007      040401
000010      004400
000011      016002
000012      000000
000013      000000
000013      000000
000014      000000
000015      000012
000016      000144
000017      000043
000020      064400
000021      042437
000022      042421
000023      004414
000024      064400
000025      004413
000026      042412
000027      110400
000030      014057
000031      002413
000032      042437
000033      042421
000034      004413
000035      002014
000036      003015
000037      044200
000040      034413
000041      004414
000042      022024
000043      002414
000044      004440
000045      026000
